1734806092.4499826
1734806092.728817
1734806092.838396
1734806092.9488544
1734806093.0586388
1734806093.7173252
1734806093.8256245
1734806094.1583345
1734806095.0362647
1734806095.2555273
1734806095.3639073
1734806095.4744272
1734806095.5863438
1734806096.13178
1734806790.3845382
1734806792.6677725
1734806794.8093593
1734806799.0913682
1734806807.6124318
1734806943.6910322
1734806943.8005834
1734806945.9328952
1734806948.0630214
1734812137.2251613
1734812137.3419447
1734812143.7423453
1734812145.874497
1734812263.191398
1734812263.3041198
1734812792.7574623
1734812792.883793
1734812793.0694118
1734812793.2254605
1734812793.4118814
1734812793.5680537
1734812793.7842202
1734812794.9772744
1734812795.1937268
1734812795.302354
1734812795.4889057
1734812795.6443338
1734812797.3031125
1734812797.6305428
1734813028.1355672
1734813028.2523263
1734813028.8187468
1734813028.9936912
1734813029.143859
1734813030.600429
1734813031.2502067
1734813031.3917532
1734813032.39509
1734813032.5851736
1734813032.702088
1734813032.8762062
1734813033.0420892
1734813034.1723933
1734813175.4010525
1734813175.5175104
1734813175.6675315
1734813175.8428664
1734813176.6180737
1734813176.792228
1734813176.9409626
1734813177.1064954
1734813177.240767
1734813177.4144895
1734813177.5723581
1734813178.41029
1734813178.5609152
1734813178.72784
1734813296.7808163
1734813296.9046557
1734813297.095
1734813297.2690136
1734813298.0264974
1734813298.2010286
1734813298.3842034
1734813298.5420706
1734813299.3881178
1734813299.5294976
1734813299.6872692
1734813299.853681
1734813299.962376
1734813300.1373541
1734813442.9661858
1734813443.0818634
1734813443.2397637
1734813443.3968627
1734813443.548465
1734813444.2344038
1734813444.349024
1734813444.4694219
1734813444.5768924
1734813446.5702095
1734813446.6837683
1734813447.370227
1734813447.4810908
1734813447.5933738
1734813484.6036685
1734813484.716631
1734813485.2813923
1734813485.4722745
1734813485.6546626
1734813485.8210018
1734813486.9055414
1734813487.0244722
1734813487.1435206
1734813487.262535
1734813487.3660185
1734813488.2705975
1734813488.3913872
1734813488.5092266
1734813763.6108909
1734813763.727494
1734813763.8940384
1734813764.0526888
1734813764.2114415
1734813764.3780363
1734813764.537046
1734813764.7439919
1734813767.136501
1734813767.2503006
1734813767.3620808
1734813768.3122811
1734813768.4319808
1734813769.568695
1734814053.2043834
1734814053.3200896
1734814053.4940298
1734814053.6433668
1734814053.8093233
1734814053.9671366
1734814054.1329613
1734814054.3112063
1734814054.4241462
1734814054.5485532
1734814054.6647542
1734814054.7676432
1734814055.931348
1734814056.0420513
1734814487.9253488
1734814488.0416667
1734814488.1502464
1734814488.2591076
1734814488.3631973
1734814489.1514323
1734814489.2653067
1734814489.386871
1734814489.5092962
1734814489.6385965
1734814490.2825253
1734814490.3965528
1734814490.85366
1734814490.9745102
1734815379.565326
1734815379.688629
1734815380.0399334
1734815380.4740973
1734815380.592831
1734815381.2346852
1734815381.7931821
1734815381.8969128
1734815382.340015
1734815382.4593415
1734815382.5717428
1734815382.6997395
1734815382.8221142
1734815382.9335375
1734815475.526957
1734815475.6466117
1734815475.773077
1734815475.8842444
1734815475.984603
1734815476.4105124
1734815494.5006702
1734815494.6164262
1734815494.7244813
1734815494.8347547
1734815495.3659034
1734815496.0447907
1734815496.391015
1734815496.5021524
1734815496.6125686
1734815496.731649
1734815497.335076
1734815497.4539785
1734815497.8098705
1734815497.9302773
1734815871.586108
1734815871.698031
1734815871.8101444
1734815872.2994013
1734815872.429178
1734815872.8812869
1734815872.993579
1734815873.1135943
1734815873.2284992
1734815873.3389158
1734815873.4445715
1734815873.5643182
1734815874.7795722
1734816100.5178316
1734816100.627314
1734816101.000761
1734816101.2421448
1734816101.342844
1734816101.4473612
1734816102.6085825
1734816102.851018
1734816102.9638336
1734816103.0695689
1734816103.1800597
1734816104.2518947
1734816104.6048207
1734816104.718582
1734816359.600263
1734816359.7270308
1734816360.2227998
1734816360.655497
1734816360.7739518
1734816360.8800197
1734816361.0007534
1734816361.113459
1734816361.2233553
1734816362.150788
1734816362.3644433
1734816362.478815
1734816362.5834818
1734816362.6972063
1734816381.6723921
1734816381.7887928
1734816381.9630988
1734816382.1237593
1734816382.2323318
1734816382.4071574
